# Fixed PANSY three-pulse fit regression sample indices.
1738375165265271
1739314036361182
1739754984380607
1740126570738224
1741768286361581
1742655193807993
1743137895624201
1743230532326170
1743671118967638
1744030558806333
1744164901658234
1744447961846476
1744447976288078
1744532353291345
1744777770034043
1745445482645963
1745701277435400
1746053400016601
1746152080719348
1746168397015923
1746174894373588
1746499798502942
1747138273591301
1747139147703418
1748059115329765
1748587733029223
1748668625579144
1748822175026758
1749103905778693
1750293740461806
1750297274204679
1750476799294416
1751331019121993
1751352611718471
1751696635415855
1751763424206135
1752225890906113
1753224014279728
1753269912938734
1754442761734549
1757827578213166
1759033789527022
1759118362757546
1761285754076665
1762600136458549
1763245808088135
1767405509599993
1768021916992380
1769709462076596
1769907977554360
